NVKP01 RAW samples
Frequency: 433.920 MHz
Source: Sigvern Analyzer capture after RX alternation cleanup

Sample 1
-1502, 708, -5709, 684, -5722, 653, -959, 448, -353, 448, -960, 250, -167, 626, -1550, 644, -162, 357, -654, 960, -245, 336, -464

Sample 2
-1513, 681, -5731, 680, -3538, 646, -1556, 652, -966, 430, -160, 638, -155, 650, -159, 248, -349, 438, -1570, 640, -165, 348, -243, 567, -242, 564, -217, 175, -628, 186, -635, 172, -2023, 166, -258

Sample 3
-1493, 672, -5753, 670, -927, 442, -159, 641, -157, 646, -159, 230, -176, 644, -1572, 620, -161, 448, -360, 362, -434, 364, -232, 362, -444, 230, -176, 552, -2030, 168, -245, 365, -244, 567, -621, 154, -243, 174, -629, 181, -627, 153, -2045, 168, -247, 341, -648, 151, -647, 178

Sample 4
-1485, 687, -5740, 655, -5744, 680, -1557, 612, -154, 660, -157, 230, -182, 627, -1574, 561, -236, 155, -851, 153, -657, 731

Sample 5
-1485, 721, -5714, 667, -755, 666, -2333, 466, -1546, 639, -159, 435, -160, 1441, -153, 1786, -1633, 571, -213, 155, -854, 166, -645, 172, -217, 160

Sample 6
-1487, 710, -5705, 659, -962, 458, -1743, 249, -349, 441, -1569, 649, -750, 650, -367, 429, -961, 1036, -1567, 557, -226, 348, -268, 565, -621, 154, -242, 1624

Sample 7
-1493, 681, -5744, 680, -949, 452, -345, 428, -163, 645, -159, 249, -347, 444, -1567, 621, -156, 437, -183, 618, -592, 201, -188, 158, -645, 161, -651, 166, -2021, 153, -262
